1 0
2 1
3 2
4 3
5 4
6 5
7 6
776 7
9 8
10 9
11 10
12 11
2272 12
515 13
1415 14
1497 15
4591 16
797 17
3103 18
1056 19
1569 20
3107 21
1316 22
262 23
1318 24
1319 25
1449 26
682 27
1543 28
691 29
606 30
951 31
569 32
954 33
444 34
61 35
63 36
64 37
65 38
66 39
67 40
353 41
2547 42
601 43
4699 44
478 45
1317 46
480 47
481 48
1771 49
60 50
490 51
619 52
2109 53
3058 54
1427 55
1599 56
4095 57
3213 58
794 59
550 60
574 61
451 62
584 63
1541 64
1162 65
364 66
445 67
755 68
763 69
1155 70
1180 71
3625 72
2105 73
496 74
4084 75
1432 76
2073 77
431 78
1465 79
4436 80
4437 81
2007 82
487 83
488 84
1522 85
8 86
450 87
1261 88
401 89
1043 90
3349 91
537 92
1050 93
800 94
673 95
1572 96
1537 97
813 98
1629 99
1202 100
3635 101
1716 102
59 103
2653 104
449 105
1185 106
969 107
1236 108
981 109
4694 110
983 111
218 112
861 113
315 114
1253 115
698 116
1385 117
237 118
3181 119
62 120
2174 121
1279 122
783 123
1706 124
55 125
736 126
745 127
746 128
3182 129
4622 130
542 131
3617 132
3106 133
38 134
553 135
4701 136
54 137
3155 138
2318 139
2833 140
1129 141
107 142
1137 143
3191 144
1152 145
3205 146
656 147
3243 148
173 149
2734 150
694 151
1720 152
712 153
2767 154
2278 155
1264 156
246 157
1289 158
270 159
273 160
2843 161
1331 162
2362 163
1862 164
340 165
2938 166
240 167
4515 168
943 169
1460 170
980 171
3031 172
2032 173
500 174
502 175
505 176
1421 177
411 178
801 179
283 180
2724 181
1446 182
3240 183
810 184
811 185
1069 186
1416 187
438 188
1418 189
1417 190
1420 191
1994 192
971 193
978 194
469 195
1368 196
90 197
92 198
1375 199
118 200
1066 201
2050 202
2063 203
1553 204
2051 205
534 206
535 207
2587 208
2490 209
3618 210
1065 211
3115 212
558 213
3336 214
1590 215
4663 216
2117 217
583 218
76 219
2128 220
82 221
2132 222
1114 223
1807 224
4538 225
2152 226
611 227
102 228
3688 229
108 230
786 231
623 232
113 233
114 234
115 235
1145 236
128 237
3212 238
3215 239
144 240
146 241
111 242
1477 243
162 244
3755 245
1196 246
1709 247
2163 248
1717 249
194 250
196 251
4820 252
3289 253
1756 254
3536 255
2788 256
743 257
754 258
244 259
761 260
1786 261
764 262
765 263
2651 264
1324 265
1808 266
1810 267
1814 268
1828 269
807 270
812 271
1327 272
820 273
822 274
1345 275
4433 276
2898 277
1371 278
1373 279
871 280
369 281
882 282
1400 283
1403 284
380 285
382 286
383 287
392 288
397 289
407 290
4508 291
413 292
1954 293
1956 294
1448 295
3504 296
4037 297
464 298
482 299
4594 300
84 301
1532 302
3070 303
23 304
2074 305
3104 306
2603 307
556 308
1073 309
52 310
1095 311
127 312
3691 313
2182 314
1164 315
145 316
2238 317
214 318
245 319
1805 320
3374 321
1334 322
2370 323
1356 324
1380 325
374 326
422 327
1466 328
1483 329
674 330
2013 331
3552 332
4595 333
1620 334
661 335
557 336
688 337
2236 338
3007 339
338 340
3183 341
799 342
1960 343
441 344
91 345
1013 346
13 347
2819 348
790 349
791 350
793 351
14 352
15 353
16 354
17 355
18 356
19 357
20 358
21 359
22 360
24 361
25 362
26 363
27 364
28 365
29 366
30 367
31 368
32 369
33 370
34 371
35 372
36 373
37 374
1436 375
180 376
181 377
3356 378
6068 379
442 380
2080 381
849 382
727 383
728 384
3109 385
1388 386
792 387
1768 388
3098 389
1397 390
2934 391
608 392
4196 393
3099 394
681 395
846 396
847 397
848 398
932 399
2277 400
1393 401
1394 402
1542 403
428 404
1197 405
433 406
434 407
3537 408
1252 409
1021 410
1023 411
780 412
3105 413
561 414
1605 415
1247 416
1267 417
1024 418
1025 419
1029 420
522 421
523 422
524 423
5687 424
525 425
526 426
604 427
528 428
2232 429
723 430
725 431
2780 432
802 433
1256 434
1395 435
1413 436
3465 437
931 438
429 439
436 440
437 441
440 442
3518 443
527 444
996 445
1022 446
169 447
95 448
834 449
1241 450
4710 451
3095 452
3164 453
3165 454
3129 455
3167 456
2621 457
2111 458
578 459
580 460
3653 461
3143 462
2633 463
80 464
81 465
605 466
1119 467
1125 468
615 469
106 470
103 471
530 472
117 473
631 474
3716 475
135 476
136 477
3778 478
2200 479
1184 480
675 481
685 482
1721 483
1724 484
195 485
717 486
718 487
2769 488
731 489
732 490
890 491
1762 492
744 493
1257 494
756 495
1782 496
1275 497
1284 498
2435 499
1663 500
133 501
1928 502
3901 503
2386 504
341 505
3420 506
869 507
371 508
375 509
378 510
891 511
1404 512
387 513
389 514
390 515
391 516
402 517
403 518
404 519
919 520
410 521
414 522
415 523
417 524
430 525
1996 526
463 527
465 528
466 529
985 530
479 531
3152 532
486 533
3153 534
3119 535
1003 536
499 537
672 538
741 539
1511 540
636 541
4669 542
596 543
5728 544
3694 545
6159 546
3794 547
1258 548
1290 549
4953 550
930 551
2544 552
568 553
618 554
1207 555
782 556
1396 557
446 558
3015 559
3579 560
4638 561
4489 562
1272 563
125 564
726 565
544 566
1864 567
1484 568
910 569
1649 570
1670 571
412 572
1574 573
170 574
49 575
829 576
448 577
1746 578
1006 579
1779 580
1959 581
3038 582
4691 583
4656 584
722 585
3130 586
4342 587
600 588
532 589
3075 590
4119 591
4125 592
4130 593
2085 594
39 595
40 596
41 597
42 598
43 599
44 600
45 601
46 602
47 603
2098 604
2106 605
78 606
87 607
2138 608
2140 609
104 610
105 611
109 612
119 613
120 614
121 615
123 616
124 617
148 618
4267 619
188 620
198 621
2259 622
2265 623
2269 624
222 625
379 626
234 627
235 628
238 629
4343 630
2296 631
2300 632
2090 633
256 634
259 635
4356 636
268 637
278 638
280 639
2331 640
292 641
298 642
2361 643
325 644
326 645
4429 646
362 647
2411 648
2412 649
2414 650
2416 651
2423 652
2424 653
4473 654
2426 655
2427 656
2432 657
388 658
395 659
396 660
399 661
400 662
408 663
2480 664
2486 665
2487 666
2491 667
447 668
454 669
467 670
468 671
472 672
473 673
474 674
483 675
484 676
2539 677
2542 678
497 679
498 680
501 681
503 682
504 683
506 684
507 685
508 686
2559 687
2565 688
2566 689
2574 690
533 691
432 692
2599 693
566 694
567 695
570 696
579 697
2630 698
2641 699
599 700
603 701
2655 702
443 703
616 704
4716 705
622 706
2671 707
3291 708
633 709
635 710
644 711
4745 712
2705 713
665 714
4762 715
4763 716
2161 717
680 718
4796 719
2848 720
2763 721
2770 722
3193 723
729 724
4833 725
4220 726
2795 727
750 728
751 729
752 730
753 731
2858 732
2818 733
2821 734
2823 735
788 736
796 737
2527 738
839 739
840 740
841 741
4944 742
854 743
855 744
858 745
874 746
880 747
881 748
885 749
898 750
905 751
2973 752
928 753
929 754
941 755
3229 756
964 757
972 758
984 759
3034 760
993 761
1001 762
1008 763
1026 764
1027 765
3089 766
1042 767
3093 768
3094 769
3110 770
3111 771
3113 772
3114 773
1067 774
3118 775
3120 776
3122 777
3123 778
3124 779
3126 780
3127 781
3131 782
3132 783
3133 784
3135 785
3136 786
3138 787
1093 788
3142 789
3145 790
3157 791
3169 792
3171 793
3173 794
3174 795
3175 796
3176 797
3180 798
3184 799
3188 800
3190 801
3194 802
3195 803
1149 804
1151 805
3201 806
3211 807
1168 808
3218 809
1177 810
1178 811
1181 812
1187 813
1188 814
3239 815
1215 816
1221 817
3275 818
3277 819
3278 820
3281 821
1239 822
1243 823
3301 824
1260 825
1278 826
3287 827
1295 828
1299 829
1301 830
1303 831
1306 832
1315 833
1326 834
1328 835
3391 836
1349 837
1367 838
1372 839
1376 840
1384 841
1406 842
3458 843
1414 844
1424 845
1428 846
1433 847
1434 848
2629 849
3489 850
1443 851
1456 852
1459 853
1461 854
3510 855
3544 856
3558 857
3667 858
3582 859
1539 860
3599 861
1552 862
3612 863
3624 864
1582 865
3639 866
1600 867
1604 868
2659 869
3600 870
1625 871
3682 872
1638 873
1651 874
3732 875
3750 876
3757 877
3758 878
3768 879
1735 880
1760 881
1761 882
3822 883
1781 884
3840 885
3850 886
1806 887
1833 888
3894 889
1848 890
3041 891
1875 892
3931 893
3933 894
3934 895
1903 896
3973 897
3974 898
3976 899
1949 900
4028 901
4047 902
2000 903
2031 904
5655 905
2087 906
5702 907
4234 908
4465 909
4466 910
2805 911
1750 912
3776 913
2173 914
1455 915
541 916
1473 917
99 918
1767 919
3100 920
4705 921
48 922
50 923
51 924
53 925
518 926
3733 927
1957 928
925 929
933 930
934 931
3524 932
197 933
995 934
1166 935
4057 936
549 937
1891 938
742 939
1259 940
3440 941
886 942
1015 943
1019 944
277 945
1048 946
545 947
2485 948
56 949
2110 950
838 951
2524 952
762 953
251 954
3712 955
2072 956
4979 957
1204 958
1346 959
1357 960
1358 961
356 962
3813 963
232 964
3315 965
2047 966
1850 967
149 968
3226 969
1692 970
3102 971
683 972
3506 973
826 974
1034 975
2371 976
1398 977
711 978
1225 979
3426 980
2254 981
1359 982
1360 983
1361 984
89 985
1387 986
2237 987
1656 988
1017 989
3601 990
3121 991
3168 992
3683 993
3172 994
2153 995
122 996
134 997
3723 998
2205 999
3759 1000
254 1001
271 1002
1765 1003
3865 1004
798 1005
3361 1006
856 1007
3932 1008
3242 1009
1035 1010
1583 1011
3140 1012
4165 1013
3154 1014
126 1015
129 1016
678 1017
1232 1018
1659 1019
4117 1020
1329 1021
309 1022
2364 1023
3398 1024
2380 1025
1379 1026
3592 1027
877 1028
1922 1029
1931 1030
405 1031
406 1032
1999 1033
2010 1034
2779 1035
577 1036
57 1037
58 1038
571 1039
1201 1040
2121 1041
3245 1042
1235 1043
264 1044
593 1045
1914 1046
1051 1047
2752 1048
977 1049
766 1050
517 1051
513 1052
520 1053
4621 1054
529 1055
3091 1056
2592 1057
516 1058
1054 1059
1059 1060
1060 1061
1064 1062
2131 1063
602 1064
93 1065
3179 1066
3177 1067
634 1068
191 1069
1668 1070
1471 1071
2204 1072
2212 1073
1055 1074
2239 1075
200 1076
205 1077
206 1078
724 1079
221 1080
805 1081
757 1082
759 1083
2772 1084
272 1085
2328 1086
1320 1087
1323 1088
2354 1089
308 1090
821 1091
735 1092
5004 1093
2807 1094
2392 1095
5483 1096
876 1097
2026 1098
1419 1099
1435 1100
418 1101
3995 1102
424 1103
1964 1104
3001 1105
1476 1106
5577 1107
1527 1108
509 1109
510 1110
1603 1111
1579 1112
1681 1113
2883 1114
2145 1115
1865 1116
2139 1117
1062 1118
491 1119
1912 1120
2299 1121
1946 1122
3401 1123
2040 1124
2167 1125
2654 1126
607 1127
512 1128
514 1129
1057 1130
1058 1131
1061 1132
1068 1133
3202 1134
3203 1135
3204 1136
1176 1137
1179 1138
2271 1139
1304 1140
2841 1141
1314 1142
2877 1143
3390 1144
1405 1145
1444 1146
1445 1147
1450 1148
1493 1149
1494 1150
511 1151
1282 1152
1555 1153
1046 1154
1561 1155
559 1156
562 1157
572 1158
576 1159
1617 1160
88 1161
1115 1162
116 1163
3189 1164
3192 1165
132 1166
2196 1167
190 1168
1244 1169
1245 1170
2293 1171
770 1172
795 1173
804 1174
2393 1175
888 1176
3027 1177
475 1178
629 1179
2721 1180
1745 1181
1296 1182
1311 1183
3139 1184
853 1185
1880 1186
1429 1187
2475 1188
2484 1189
6087 1190
6098 1191
4570 1192
2034 1193
68 1194
5122 1195
3332 1196
3334 1197
3978 1198
2349 1199
3380 1200
3640 1201
3641 1202
4106 1203
6335 1204
69 1205
1902 1206
3321 1207
3322 1208
1834 1209
3713 1210
3335 1211
3337 1212
3338 1213
147 1214
1052 1215
1053 1216
2088 1217
3643 1218
3009 1219
3014 1220
4184 1221
4287 1222
2683 1223
70 1224
4706 1225
71 1226
72 1227
73 1228
74 1229
75 1230
182 1231
2378 1232
1146 1233
2507 1234
2379 1235
183 1236
1425 1237
2835 1238
3445 1239
2221 1240
1269 1241
582 1242
77 1243
79 1244
1374 1245
4439 1246
3714 1247
878 1248
879 1249
884 1250
373 1251
1160 1252
914 1253
1439 1254
164 1255
2543 1256
573 1257
575 1258
3137 1259
4550 1260
806 1261
614 1262
6155 1263
6156 1264
1554 1265
531 1266
3604 1267
540 1268
3505 1269
3125 1270
4194 1271
3696 1272
2246 1273
887 1274
2801 1275
1277 1276
1283 1277
3862 1278
3891 1279
3902 1280
2376 1281
2895 1282
370 1283
376 1284
377 1285
381 1286
4464 1287
2292 1288
452 1289
3830 1290
462 1291
3577 1292
4603 1293
1562 1294
2253 1295
3434 1296
1593 1297
1642 1298
372 1299
1501 1300
83 1301
1667 1302
1764 1303
85 1304
1594 1305
2268 1306
1028 1307
1548 1308
2075 1309
2095 1310
2122 1311
2640 1312
1618 1313
2141 1314
1636 1315
1637 1316
110 1317
1661 1318
3739 1319
2718 1320
676 1321
687 1322
4279 1323
1213 1324
3264 1325
3265 1326
708 1327
4293 1328
713 1329
714 1330
2284 1331
2797 1332
1265 1333
3327 1334
771 1335
772 1336
1924 1337
1824 1338
3464 1339
2355 1340
310 1341
4443 1342
2383 1343
3419 1344
1596 1345
1391 1346
3442 1347
3134 1348
1399 1349
1927 1350
2467 1351
1711 1352
4533 1353
1979 1354
1989 1355
1186 1356
2023 1357
263 1358
477 1359
1231 1360
3033 1361
1763 1362
86 1363
2560 1364
3728 1365
2584 1366
337 1367
348 1368
349 1369
94 1370
96 1371
97 1372
892 1373
3196 1374
893 1375
947 1376
2133 1377
3359 1378
223 1379
224 1380
2059 1381
3090 1382
2591 1383
2099 1384
2615 1385
585 1386
588 1387
630 1388
2172 1389
3198 1390
1157 1391
1682 1392
1712 1393
1714 1394
3282 1395
1248 1396
1263 1397
760 1398
2810 1399
3370 1400
1795 1401
3350 1402
3355 1403
2852 1404
827 1405
828 1406
1874 1407
3425 1408
3303 1409
899 1410
2057 1411
779 1412
3231 1413
671 1414
1570 1415
1915 1416
844 1417
231 1418
4719 1419
2552 1420
1785 1421
1544 1422
1551 1423
4116 1424
1589 1425
581 1426
1143 1427
655 1428
1683 1429
679 1430
702 1431
2757 1432
211 1433
1780 1434
778 1435
1297 1436
1298 1437
284 1438
2403 1439
1893 1440
1950 1441
2483 1442
290 1443
3377 1444
3376 1445
2082 1446
2900 1447
1628 1448
4242 1449
1274 1450
2459 1451
98 1452
907 1453
1688 1454
1325 1455
1841 1456
692 1457
350 1458
3255 1459
1337 1460
189 1461
2628 1462
2377 1463
1113 1464
227 1465
2322 1466
2546 1467
2281 1468
100 1469
101 1470
1517 1471
4059 1472
1011 1473
935 1474
3216 1475
2365 1476
617 1477
269 1478
393 1479
3068 1480
112 1481
653 1482
155 1483
866 1484
1809 1485
868 1486
367 1487
4334 1488
199 1489
2789 1490
1581 1491
1908 1492
2620 1493
6157 1494
6158 1495
536 1496
3144 1497
4169 1498
1612 1499
1614 1500
1671 1501
242 1502
1821 1503
1822 1504
1823 1505
3877 1506
3915 1507
2415 1508
2020 1509
1509 1510
4145 1511
4670 1512
3170 1513
2069 1514
3630 1515
902 1516
2036 1517
4512 1518
4580 1519
3556 1520
3117 1521
130 1522
131 1523
1169 1524
3358 1525
291 1526
3423 1527
2928 1528
409 1529
3517 1530
2011 1531
1624 1532
833 1533
1966 1534
2177 1535
4110 1536
1573 1537
3631 1538
2100 1539
202 1540
3295 1541
2384 1542
485 1543
386 1544
4522 1545
4210 1546
4510 1547
1072 1548
624 1549
5916 1550
5642 1551
2308 1552
4783 1553
5155 1554
2312 1555
3128 1556
5192 1557
1611 1558
4801 1559
4755 1560
2198 1561
5915 1562
1190 1563
5427 1564
3760 1565
4785 1566
4798 1567
1224 1568
4799 1569
1747 1570
2808 1571
267 1572
4380 1573
5918 1574
5921 1575
4393 1576
5511 1577
2953 1578
4576 1579
4152 1580
4452 1581
6006 1582
6007 1583
5007 1584
423 1585
2479 1586
1982 1587
987 1588
4061 1589
1005 1590
3156 1591
2557 1592
1049 1593
2113 1594
1635 1595
3686 1596
4539 1597
4237 1598
1175 1599
715 1600
2342 1601
4422 1602
1355 1603
3677 1604
1475 1605
1486 1606
3408 1607
171 1608
3841 1609
1370 1610
894 1611
716 1612
3848 1613
279 1614
1341 1615
457 1616
458 1617
997 1618
3804 1619
1330 1620
3769 1621
4428 1622
3545 1623
1381 1624
6189 1625
551 1626
2108 1627
1609 1628
4026 1629
594 1630
1630 1631
2148 1632
4750 1633
6298 1634
3185 1635
1203 1636
5664 1637
2233 1638
187 1639
704 1640
2298 1641
5689 1642
2311 1643
5920 1644
1288 1645
808 1646
305 1647
3210 1648
1350 1649
4425 1650
2894 1651
1591 1652
5460 1653
5465 1654
2447 1655
4769 1656
3046 1657
6005 1658
6008 1659
394 1660
3736 1661
4677 1662
6055 1663
1458 1664
3317 1665
2514 1666
4771 1667
1007 1668
2550 1669
1018 1670
1020 1671
4129 1672
1047 1673
2316 1674
3753 1675
1462 1676
2618 1677
1506 1678
1502 1679
208 1680
3925 1681
538 1682
4645 1683
734 1684
787 1685
789 1686
4947 1687
2114 1688
2115 1689
2116 1690
1677 1691
3246 1692
1198 1693
1335 1694
1079 1695
2130 1696
1411 1697
927 1698
6318 1699
563 1700
564 1701
1726 1702
565 1703
4290 1704
990 1705
2016 1706
2319 1707
1729 1708
3294 1709
4541 1710
137 1711
138 1712
139 1713
140 1714
141 1715
2209 1716
547 1717
2715 1718
3299 1719
2865 1720
2677 1721
2202 1722
3160 1723
3161 1724
2107 1725
1962 1726
142 1727
143 1728
768 1729
2305 1730
1074 1731
1075 1732
1076 1733
1077 1734
1078 1735
1081 1736
1082 1737
1083 1738
1084 1739
1085 1740
1086 1741
1087 1742
1088 1743
1089 1744
1090 1745
1091 1746
1092 1747
1080 1748
4917 1749
1135 1750
1136 1751
1140 1752
5298 1753
4528 1754
1558 1755
3457 1756
2838 1757
4250 1758
3330 1759
3730 1760
2725 1761
3628 1762
4397 1763
3782 1764
3381 1765
4939 1766
2516 1767
641 1768
3486 1769
1644 1770
1674 1771
1948 1772
3312 1773
3365 1774
1576 1775
4208 1776
1182 1777
3311 1778
304 1779
1118 1780
3339 1781
1163 1782
2453 1783
1353 1784
2634 1785
923 1786
3659 1787
2127 1788
3797 1789
249 1790
1500 1791
2554 1792
1533 1793
1148 1794
1535 1795
2048 1796
3076 1797
2054 1798
4631 1799
2089 1800
2092 1801
5774 1802
1679 1803
153 1804
2207 1805
1189 1806
1192 1807
1193 1808
1194 1809
1195 1810
186 1811
3785 1812
3310 1813
2853 1814
302 1815
1899 1816
2456 1817
938 1818
4012 1819
3233 1820
989 1821
2018 1822
1014 1823
150 1824
1968 1825
1969 1826
151 1827
4444 1828
152 1829
154 1830
621 1831
156 1832
157 1833
158 1834
159 1835
160 1836
161 1837
163 1838
165 1839
166 1840
167 1841
168 1842
1728 1843
193 1844
3241 1845
3214 1846
216 1847
360 1848
2583 1849
3298 1850
2053 1851
2717 1852
814 1853
946 1854
863 1855
1788 1856
895 1857
3244 1858
4035 1859
2291 1860
4597 1861
3907 1862
3360 1863
322 1864
2363 1865
3236 1866
3362 1867
4467 1868
3451 1869
1849 1870
2332 1871
2488 1872
2055 1873
282 1874
4668 1875
1798 1876
1799 1877
3567 1878
1690 1879
1702 1880
3734 1881
5643 1882
5649 1883
5661 1884
4641 1885
1070 1886
5168 1887
5180 1888
3645 1889
3147 1890
3150 1891
1104 1892
1109 1893
3681 1894
5732 1895
1130 1896
4209 1897
1139 1898
3702 1899
2680 1900
2183 1901
5768 1902
2710 1903
3223 1904
5321 1905
5835 1906
2270 1907
3821 1908
4394 1909
1281 1910
4869 1911
3364 1912
2353 1913
4412 1914
830 1915
831 1916
832 1917
3905 1918
4938 1919
2391 1920
346 1921
2912 1922
3938 1923
2405 1924
2406 1925
5489 1926
5517 1927
916 1928
5525 1929
926 1930
1951 1931
5054 1932
3528 1933
4042 1934
4043 1935
4044 1936
2126 1937
3547 1938
4688 1939
1408 1940
2830 1941
6104 1942
1426 1943
3224 1944
2590 1945
176 1946
3749 1947
555 1948
172 1949
174 1950
175 1951
816 1952
177 1953
178 1954
179 1955
3373 1956
4424 1957
1737 1958
1878 1959
1240 1960
3673 1961
6086 1962
5730 1963
2021 1964
1894 1965
4075 1966
4527 1967
6077 1968
4720 1969
3825 1970
6263 1971
3323 1972
3576 1973
2775 1974
6139 1975
184 1976
185 1977
2394 1978
649 1979
3263 1980
2820 1981
3845 1982
3468 1983
3598 1984
3351 1985
3480 1986
3738 1987
1584 1988
3975 1989
4271 1990
2910 1991
1212 1992
1342 1993
1343 1994
1285 1995
329 1996
3403 1997
1613 1998
2136 1999
1653 2000
903 2001
1293 2002
3228 2003
552 2004
426 2005
970 2006
1491 2007
1627 2008
1937 2009
4055 2010
4707 2011
1340 2012
192 2013
3412 2014
385 2015
2340 2016
908 2017
2847 2018
6311 2019
6190 2020
2747 2021
2751 2022
3781 2023
217 2024
220 2025
225 2026
228 2027
2931 2028
1094 2029
1666 2030
775 2031
4426 2032
5979 2033
5980 2034
419 2035
6078 2036
1487 2037
421 2038
1479 2039
1650 2040
554 2041
684 2042
960 2043
1250 2044
767 2045
958 2046
1550 2047
3217 2048
2094 2049
1838 2050
695 2051
3402 2052
201 2053
203 2054
204 2055
1153 2056
1955 2057
1870 2058
3512 2059
4649 2060
1218 2061
689 2062
1686 2063
1856 2064
3692 2065
784 2066
207 2067
209 2068
210 2069
212 2070
320 2071
1254 2072
3306 2073
1940 2074
2274 2075
2275 2076
2276 2077
625 2078
785 2079
1900 2080
275 2081
1689 2082
4587 2083
288 2084
2348 2085
2389 2086
2002 2087
213 2088
913 2089
1684 2090
1901 2091
2199 2092
2601 2093
948 2094
1978 2095
1983 2096
1907 2097
215 2098
4588 2099
281 2100
911 2101
2471 2102
2730 2103
3309 2104
3316 2105
4132 2106
2500 2107
2102 2108
719 2109
720 2110
219 2111
4703 2112
3961 2113
3657 2114
2521 2115
3435 2116
2216 2117
590 2118
2408 2119
2684 2120
2194 2121
3178 2122
1170 2123
3461 2124
3648 2125
4711 2126
4744 2127
4746 2128
781 2129
3729 2130
3478 2131
1563 2132
1861 2133
2086 2134
3676 2135
2097 2136
957 2137
961 2138
4747 2139
1610 2140
1485 2141
2638 2142
1366 2143
3036 2144
998 2145
875 2146
638 2147
1660 2148
1150 2149
4457 2150
229 2151
4629 2152
4446 2153
230 2154
233 2155
2496 2156
4513 2157
295 2158
904 2159
3654 2160
2569 2161
677 2162
1672 2163
2798 2164
2134 2165
3438 2166
3846 2167
2473 2168
427 2169
1888 2170
3928 2171
3439 2172
236 2173
4583 2174
3707 2175
1820 2176
3999 2177
3780 2178
289 2179
241 2180
2457 2181
239 2182
2245 2183
4098 2184
2066 2185
2068 2186
4158 2187
4159 2188
2123 2189
4180 2190
4192 2191
4200 2192
4202 2193
4212 2194
6267 2195
2187 2196
2195 2197
4248 2198
2733 2199
4272 2200
2295 2201
5163 2202
4360 2203
2313 2204
2321 2205
2323 2206
2327 2207
2337 2208
2345 2209
2347 2210
5174 2211
4435 2212
2397 2213
4495 2214
2463 2215
2482 2216
435 2217
2497 2218
2519 2219
560 2220
4658 2221
2631 2222
597 2223
2658 2224
613 2225
2667 2226
628 2227
632 2228
4737 2229
2691 2230
2737 2231
4786 2232
2746 2233
4835 2234
6268 2235
2804 2236
4857 2237
4565 2238
2822 2239
2860 2240
2875 2241
5258 2242
842 2243
2896 2244
4946 2245
2908 2246
4966 2247
2940 2248
901 2249
2956 2250
5020 2251
2987 2252
2990 2253
944 2254
945 2255
2994 2256
3004 2257
3008 2258
5093 2259
3050 2260
1004 2261
1009 2262
3077 2263
3082 2264
3084 2265
5136 2266
5154 2267
1101 2268
1120 2269
5266 2270
3219 2271
3220 2272
4949 2273
3268 2274
3274 2275
5365 2276
1273 2277
3342 2278
5403 2279
1313 2280
3389 2281
5445 2282
3411 2283
4666 2284
1378 2285
4330 2286
1410 2287
1431 2288
1454 2289
3508 2290
1469 2291
1472 2292
5708 2293
4988 2294
3559 2295
4824 2296
5628 2297
1538 2298
1560 2299
3609 2300
5659 2301
5669 2302
3638 2303
1592 2304
3674 2305
2661 2306
5758 2307
1669 2308
3725 2309
5781 2310
3806 2311
1773 2312
1774 2313
3843 2314
3851 2315
3872 2316
5926 2317
1835 2318
1837 2319
1857 2320
4222 2321
3924 2322
3954 2323
3963 2324
1938 2325
1992 2326
4045 2327
4046 2328
4067 2329
1002 2330
747 2331
748 2332
1534 2333
243 2334
864 2335
643 2336
645 2337
646 2338
647 2339
366 2340
3096 2341
3092 2342
3097 2343
2879 2344
3232 2345
686 2346
690 2347
949 2348
950 2349
2697 2350
693 2351
5056 2352
2515 2353
5075 2354
2044 2355
2176 2356
2454 2357
3715 2358
3237 2359
2289 2360
1451 2361
2227 2362
1855 2363
3447 2364
973 2365
4572 2366
774 2367
620 2368
2170 2369
1099 2370
5482 2371
2286 2372
889 2373
247 2374
2786 2375
3908 2376
4914 2377
248 2378
3595 2379
1575 2380
809 2381
651 2382
1526 2383
250 2384
2190 2385
2154 2386
252 2387
837 2388
253 2389
4438 2390
384 2391
658 2392
2366 2393
1234 2394
873 2395
255 2396
3340 2397
917 2398
287 2399
4545 2400
2979 2401
257 2402
258 2403
335 2404
307 2405
1495 2406
2489 2407
420 2408
519 2409
1308 2410
865 2411
260 2412
261 2413
2137 2414
3742 2415
2208 2416
1698 2417
1839 2418
4536 2419
1695 2420
1680 2421
1890 2422
2280 2423
1654 2424
2039 2425
2687 2426
1825 2427
2523 2428
2248 2429
2984 2430
2458 2431
4608 2432
1422 2433
3473 2434
4499 2435
546 2436
548 2437
4651 2438
2242 2439
2635 2440
586 2441
587 2442
589 2443
591 2444
592 2445
1242 2446
2045 2447
265 2448
2119 2449
266 2450
1523 2451
3238 2452
2052 2453
6221 2454
2146 2455
3771 2456
4227 2457
4286 2458
2255 2459
4305 2460
2258 2461
4314 2462
2302 2463
276 2464
294 2465
318 2466
2448 2467
4469 2468
4471 2469
2439 2470
4653 2471
543 2472
640 2473
4742 2474
669 2475
670 2476
2755 2477
709 2478
3775 2479
4878 2480
4937 2481
5552 2482
2906 2483
2967 2484
921 2485
922 2486
975 2487
979 2488
5080 2489
3074 2490
3083 2491
3250 2492
4639 2493
1216 2494
1219 2495
5316 2496
1280 2497
1286 2498
1287 2499
1332 2500
1362 2501
3430 2502
5537 2503
3493 2504
1457 2505
1482 2506
1490 2507
1514 2508
3563 2509
1518 2510
1556 2511
1565 2512
3621 2513
1601 2514
3666 2515
1633 2516
1665 2517
3718 2518
1693 2519
1701 2520
3751 2521
1704 2522
3754 2523
1715 2524
3770 2525
1723 2526
3774 2527
1727 2528
3796 2529
1775 2530
1819 2531
3719 2532
1843 2533
1860 2534
3929 2535
1889 2536
1896 2537
1898 2538
3950 2539
1905 2540
1906 2541
1918 2542
1919 2543
1934 2544
1947 2545
1981 2546
1985 2547
1987 2548
2006 2549
4087 2550
6142 2551
1453 2552
2911 2553
4427 2554
4459 2555
2511 2556
1200 2557
274 2558
2078 2559
1407 2560
3627 2561
285 2562
5568 2563
321 2564
2390 2565
870 2566
872 2567
339 2568
4231 2569
4491 2570
1210 2571
2356 2572
1127 2573
1144 2574
1719 2575
5317 2576
4295 2577
730 2578
2273 2579
1276 2580
5426 2581
852 2582
2407 2583
5038 2584
5045 2585
1697 2586
3527 2587
3329 2588
1044 2589
4559 2590
4561 2591
2046 2592
2367 2593
4753 2594
639 2595
2916 2596
4596 2597
3553 2598
3387 2599
2226 2600
2440 2601
2325 2602
1749 2603
286 2604
609 2605
1892 2606
2369 2607
955 2608
3744 2609
1141 2610
1923 2611
867 2612
5932 2613
3454 2614
2256 2615
2909 2616
3918 2617
293 2618
1354 2619
3280 2620
5001 2621
2192 2622
1818 2623
1571 2624
2470 2625
2861 2626
2862 2627
2867 2628
851 2629
3030 2630
3428 2631
352 2632
3700 2633
3314 2634
4441 2635
2143 2636
296 2637
297 2638
896 2639
897 2640
3990 2641
1423 2642
2712 2643
1536 2644
696 2645
1000 2646
299 2647
300 2648
1310 2649
301 2650
303 2651
4013 2652
2287 2653
4177 2654
2477 2655
306 2656
3588 2657
1309 2658
4118 2659
4163 2660
1595 2661
1474 2662
3651 2663
1744 2664
1246 2665
2030 2666
311 2667
317 2668
312 2669
313 2670
3805 2671
314 2672
988 2673
316 2674
3520 2675
347 2676
1739 2677
4472 2678
319 2679
3814 2680
1639 2681
4828 2682
662 2683
2595 2684
2478 2685
1736 2686
1227 2687
1228 2688
1229 2689
1230 2690
1392 2691
1524 2692
2422 2693
1528 2694
323 2695
1209 2696
324 2697
2596 2698
1530 2699
1438 2700
3594 2701
2244 2702
4932 2703
2794 2704
327 2705
648 2706
3644 2707
650 2708
1268 2709
328 2710
330 2711
331 2712
3664 2713
4600 2714
332 2715
333 2716
334 2717
850 2718
2451 2719
336 2720
733 2721
3422 2722
4573 2723
4590 2724
5016 2725
3013 2726
5094 2727
1174 2728
5433 2729
1515 2730
3675 2731
1703 2732
1734 2733
1741 2734
1792 2735
1793 2736
1840 2737
5964 2738
1904 2739
3977 2740
1935 2741
4066 2742
5783 2743
5873 2744
2351 2745
982 2746
1173 2747
4122 2748
1496 2749
3550 2750
1147 2751
342 2752
1920 2753
940 2754
3472 2755
2703 2756
343 2757
344 2758
4103 2759
4216 2760
345 2761
2452 2762
2851 2763
1063 2764
1587 2765
824 2766
3235 2767
4188 2768
1390 2769
3313 2770
3071 2771
3363 2772
4381 2773
4501 2774
351 2775
1730 2776
2472 2777
3343 2778
3285 2779
1769 2780
1322 2781
637 2782
4749 2783
4754 2784
4764 2785
4766 2786
4767 2787
4768 2788
3251 2789
777 2790
2387 2791
2966 2792
4765 2793
1529 2794
354 2795
355 2796
357 2797
358 2798
359 2799
963 2800
2135 2801
3413 2802
3415 2803
361 2804
2352 2805
4421 2806
2193 2807
2617 2808
1817 2809
3615 2810
2606 2811
1389 2812
363 2813
1858 2814
2604 2815
2065 2816
4115 2817
2084 2818
2091 2819
3772 2820
2410 2821
4235 2822
4243 2823
4246 2824
2213 2825
2218 2826
4296 2827
2263 2828
2279 2829
2301 2830
2303 2831
4364 2832
2320 2833
2324 2834
2329 2835
1071 2836
2341 2837
2344 2838
2056 2839
4409 2840
4419 2841
2374 2842
2404 2843
368 2844
2428 2845
4162 2846
2449 2847
2103 2848
425 2849
2506 2850
2508 2851
2509 2852
4558 2853
2540 2854
521 2855
4643 2856
2147 2857
2649 2858
642 2859
5818 2860
2699 2861
4211 2862
2745 2863
4880 2864
2836 2865
2839 2866
2884 2867
4922 2868
915 2869
5021 2870
967 2871
3026 2872
3047 2873
1016 2874
1041 2875
1045 2876
3141 2877
3597 2878
3186 2879
3199 2880
1217 2881
3208 2882
1171 2883
1199 2884
3616 2885
1237 2886
1238 2887
3318 2888
3346 2889
3375 2890
1369 2891
3427 2892
3460 2893
1447 2894
3515 2895
1470 2896
3540 2897
5032 2898
3570 2899
3596 2900
1549 2901
1568 2902
3649 2903
1608 2904
3684 2905
3345 2906
1645 2907
3720 2908
3721 2909
3722 2910
5776 2911
1691 2912
1710 2913
5814 2914
3767 2915
3773 2916
3777 2917
3779 2918
1778 2919
4396 2920
1804 2921
1829 2922
1868 2923
4415 2924
3051 2925
1936 2926
4022 2927
4053 2928
2008 2929
2014 2930
4076 2931
2038 2932
4093 2933
365 2934
1699 2935
2609 2936
4619 2937
4147 2938
1598 2939
2701 2940
1687 2941
1226 2942
5347 2943
4977 2944
439 2945
769 2946
773 2947
3086 2948
3991 2949
1816 2950
2217 2951
4809 2952
4306 2953
3711 2954
1513 2955
4544 2956
1733 2957
3735 2958
2874 2959
3392 2960
835 2961
460 2962
1961 2963
4516 2964
3557 2965
4615 2966
1813 2967
1158 2968
1826 2969
4387 2970
1566 2971
1567 2972
1783 2973
1910 2974
612 2975
453 2976
459 2977
4520 2978
3608 2979
1338 2980
2438 2981
3593 2982
3860 2983
4507 2984
2339 2985
4232 2986
1971 2987
3817 2988
5166 2989
1945 2990
3482 2991
4654 2992
1842 2993
4416 2994
2809 2995
2266 2996
1766 2997
4014 2998
398 2999
1607 3000
3704 3001
2169 3002
1658 3003
3257 3004
2257 3005
2260 3006
2261 3007
1802 3008
1852 3009
2396 3010
1377 3011
2512 3012
1759 3013
4479 3014
6061 3015
6051 3016
6053 3017
6062 3018
6063 3019
6064 3020
6065 3021
4453 3022
4454 3023
4455 3024
2290 3025
1138 3026
2288 3027
2793 3028
4689 3029
4521 3030
1564 3031
5064 3032
4474 3033
2562 3034
1619 3035
1988 3036
4883 3037
4378 3038
2594 3039
1097 3040
3260 3041
667 3042
4674 3043
2064 3044
2201 3045
416 3046
845 3047
740 3048
3937 3049
455 3050
456 3051
461 3052
4624 3053
1588 3054
1932 3055
1933 3056
2267 3057
2890 3058
1871 3059
1262 3060
3477 3061
6153 3062
6154 3063
2060 3064
3474 3065
5793 3066
5792 3067
5794 3068
2211 3069
1557 3070
2230 3071
2231 3072
1941 3073
1731 3074
1105 3075
3073 3076
2164 3077
3602 3078
3620 3079
2434 3080
4097 3081
2622 3082
2112 3083
4709 3084
4967 3085
4722 3086
3292 3087
4860 3088
5140 3089
5888 3090
5380 3091
5908 3092
4401 3093
3634 3094
3429 3095
1952 3096
1991 3097
1504 3098
3672 3099
2555 3100
6149 3101
6050 3102
6047 3103
6067 3104
1980 3105
4447 3106
918 3107
3062 3108
3589 3109
3087 3110
1121 3111
3703 3112
2682 3113
654 3114
2210 3115
4268 3116
2495 3117
3254 3118
1208 3119
5840 3120
4526 3121
4476 3122
3308 3123
4338 3124
1846 3125
4407 3126
3385 3127
2904 3128
3948 3129
4978 3130
4841 3131
4036 3132
924 3133
3017 3134
3064 3135
1531 3136
3580 3137
4112 3138
2639 3139
4281 3140
1214 3141
1755 3142
3400 3143
3981 3144
1365 3145
974 3146
3920 3147
2530 3148
493 3149
2043 3150
5461 3151
4660 3152
1321 3153
470 3154
471 3155
476 3156
4399 3157
992 3158
1897 3159
2297 3160
2220 3161
3685 3162
3710 3163
2756 3164
3847 3165
4509 3166
953 3167
3023 3168
2536 3169
2185 3170
909 3171
1811 3172
4554 3173
1742 3174
2317 3175
2264 3176
1251 3177
2214 3178
3874 3179
2282 3180
1578 3181
4683 3182
4463 3183
2854 3184
2708 3185
939 3186
3005 3187
1521 3188
610 3189
1156 3190
843 3191
494 3192
1430 3193
803 3194
1772 3195
1039 3196
6125 3197
836 3198
1102 3199
4260 3200
739 3201
4676 3202
4190 3203
1641 3204
1643 3205
1646 3206
1647 3207
1648 3208
1640 3209
4280 3210
1291 3211
1294 3212
1921 3213
3812 3214
1012 3215
1885 3216
1626 3217
2915 3218
3436 3219
2741 3220
4127 3221
4791 3222
3261 3223
4552 3224
3984 3225
4874 3226
3858 3227
3761 3228
819 3229
2876 3230
4025 3231
489 3232
492 3233
495 3234
2881 3235
1708 3236
1223 3237
2889 3238
2704 3239
3407 3240
1233 3241
4605 3242
2460 3243
4655 3244
1333 3245
1488 3246
3832 3247
4144 3248
4770 3249
1305 3250
2373 3251
1895 3252
1917 3253
3882 3254
2525 3255
4414 3256
2375 3257
5576 3258
5253 3259
5575 3260
5574 3261
1463 3262
5573 3263
1167 3264
2077 3265
906 3266
4189 3267
1995 3268
4717 3269
652 3270
4238 3271
2223 3272
2243 3273
2262 3274
4625 3275
539 3276
1740 3277
2310 3278
823 3279
1926 3280
2469 3281
3032 3282
4607 3283
2309 3284
2568 3285
4664 3286
2626 3287
4684 3288
4685 3289
4806 3290
900 3291
937 3292
3288 3293
5359 3294
1364 3295
1621 3296
3697 3297
4040 3298
4051 3299
4077 3300
2731 3301
4788 3302
4191 3303
2160 3304
2166 3305
4277 3306
2240 3307
4712 3308
3792 3309
2314 3310
2315 3311
4367 3312
2372 3313
4838 3314
2419 3315
4506 3316
4511 3317
2803 3318
4537 3319
5878 3320
4604 3321
2558 3322
4671 3323
595 3324
2650 3325
2664 3326
4721 3327
2676 3328
4738 3329
4748 3330
4751 3331
4756 3332
4757 3333
4758 3334
4759 3335
4760 3336
4794 3337
5919 3338
4802 3339
721 3340
4870 3341
2826 3342
4875 3343
2892 3344
2922 3345
5010 3346
5014 3347
936 3348
4257 3349
5082 3350
4261 3351
3053 3352
5149 3353
5162 3354
4781 3355
1142 3356
5248 3357
5310 3358
1220 3359
5341 3360
5346 3361
3302 3362
1266 3363
4752 3364
5503 3365
4332 3366
5640 3367
1547 3368
5674 3369
3652 3370
5646 3371
3679 3372
1685 3373
1696 3374
5803 3375
1725 3376
3787 3377
1794 3378
1801 3379
3856 3380
5913 3381
5914 3382
5917 3383
5922 3384
1830 3385
3888 3386
1847 3387
3903 3388
1929 3389
3979 3390
4761 3391
1965 3392
1976 3393
4033 3394
4049 3395
2005 3396
4774 3397
2024 3398
2027 3399
5800 3400
4092 3401
2693 3402
1525 3403
2151 3404
3348 3405
5554 3406
2863 3407
2462 3408
4682 3409
4678 3410
4679 3411
4680 3412
4681 3413
3534 3414
2398 3415
3371 3416
3227 3417
4298 3418
4311 3419
2336 3420
1336 3421
1339 3422
2203 3423
4448 3424
3367 3425
4354 3426
2247 3427
1694 3428
1827 3429
3283 3430
3543 3431
1705 3432
1707 3433
2518 3434
1348 3435
1873 3436
1467 3437
1205 3438
1131 3439
3572 3440
3863 3441
1732 3442
6199 3443
1602 3444
3705 3445
4420 3446
2993 3447
3535 3448
3603 3449
2079 3450
2285 3451
1352 3452
3936 3453
2206 3454
1270 3455
3386 3456
1884 3457
2025 3458
3548 3459
1845 3460
920 3461
1623 3462
3247 3463
4461 3464
3108 3465
1222 3466
3784 3467
4482 3468
4483 3469
2999 3470
5081 3471
2012 3472
2041 3473
1249 3474
4702 3475
4497 3476
4498 3477
4500 3478
2992 3479
2417 3480
1863 3481
3820 3482
598 3483
1754 3484
1800 3485
4540 3486
4442 3487
1546 3488
657 3489
659 3490
660 3491
664 3492
666 3493
668 3494
697 3495
700 3496
703 3497
705 3498
706 3499
707 3500
738 3501
758 3502
825 3503
859 3504
862 3505
912 3506
942 3507
952 3508
966 3509
968 3510
986 3511
991 3512
999 3513
1010 3514
1030 3515
1033 3516
1040 3517
1096 3518
1098 3519
1100 3520
1103 3521
1107 3522
1108 3523
1110 3524
1111 3525
1116 3526
1122 3527
1123 3528
1124 3529
1126 3530
1128 3531
1133 3532
1134 3533
1154 3534
1161 3535
1165 3536
1172 3537
1183 3538
1191 3539
1211 3540
1292 3541
1307 3542
1344 3543
1347 3544
1351 3545
1382 3546
1383 3547
1437 3548
1480 3549
1481 3550
1492 3551
1498 3552
1499 3553
1503 3554
1516 3555
1540 3556
1545 3557
1559 3558
1580 3559
1597 3560
1622 3561
1631 3562
1632 3563
1634 3564
1652 3565
1655 3566
1657 3567
1673 3568
1676 3569
1678 3570
1700 3571
1713 3572
1718 3573
1751 3574
1752 3575
1770 3576
1776 3577
1784 3578
1787 3579
1789 3580
1790 3581
1791 3582
1803 3583
1877 3584
1879 3585
1881 3586
1882 3587
1909 3588
1916 3589
1925 3590
1930 3591
1944 3592
1958 3593
1963 3594
1972 3595
1984 3596
1986 3597
1993 3598
1997 3599
1998 3600
2001 3601
2009 3602
2015 3603
2022 3604
2028 3605
2058 3606
2067 3607
2076 3608
2081 3609
2083 3610
2093 3611
2104 3612
2118 3613
2125 3614
2129 3615
2142 3616
2149 3617
2150 3618
2155 3619
2157 3620
2165 3621
2168 3622
2219 3623
2222 3624
2225 3625
2228 3626
2234 3627
2241 3628
2250 3629
2251 3630
2283 3631
2294 3632
2307 3633
2326 3634
2346 3635
2350 3636
2357 3637
2358 3638
2399 3639
2400 3640
2401 3641
2409 3642
2418 3643
2420 3644
2421 3645
2425 3646
2436 3647
2443 3648
2444 3649
2445 3650
2446 3651
2450 3652
2461 3653
2464 3654
2466 3655
2474 3656
2494 3657
2502 3658
2504 3659
2505 3660
2513 3661
2520 3662
2522 3663
2528 3664
2535 3665
2545 3666
2549 3667
2551 3668
2571 3669
2572 3670
2573 3671
2580 3672
2582 3673
2586 3674
2588 3675
2589 3676
2593 3677
2605 3678
2612 3679
2613 3680
2614 3681
2623 3682
2637 3683
2644 3684
2646 3685
2648 3686
2652 3687
2660 3688
2670 3689
2675 3690
2678 3691
2685 3692
2686 3693
2688 3694
2695 3695
2696 3696
2702 3697
2706 3698
2707 3699
2714 3700
2719 3701
2722 3702
2727 3703
2728 3704
2729 3705
2735 3706
2738 3707
2740 3708
2742 3709
2754 3710
2761 3711
2768 3712
2773 3713
2776 3714
2778 3715
2783 3716
2784 3717
2787 3718
2791 3719
2799 3720
2806 3721
2811 3722
2813 3723
2827 3724
2828 3725
2829 3726
2834 3727
2837 3728
2840 3729
2855 3730
2856 3731
2859 3732
2866 3733
2871 3734
2878 3735
2886 3736
2891 3737
2897 3738
2899 3739
2901 3740
2905 3741
2907 3742
2914 3743
2918 3744
2921 3745
2924 3746
2927 3747
2929 3748
2932 3749
2936 3750
2937 3751
2942 3752
2945 3753
2947 3754
2948 3755
2949 3756
2950 3757
2951 3758
2957 3759
2958 3760
2959 3761
2961 3762
2962 3763
2964 3764
2969 3765
2974 3766
2975 3767
2976 3768
2980 3769
2982 3770
2983 3771
2985 3772
2986 3773
2988 3774
2991 3775
2996 3776
2997 3777
2998 3778
3002 3779
3025 3780
3028 3781
3029 3782
3037 3783
3039 3784
3042 3785
3054 3786
3060 3787
3061 3788
3065 3789
3066 3790
3078 3791
3088 3792
3116 3793
3146 3794
3148 3795
3149 3796
3151 3797
3159 3798
3206 3799
3221 3800
3222 3801
3248 3802
3253 3803
3262 3804
3266 3805
3267 3806
3279 3807
3284 3808
3290 3809
3293 3810
3296 3811
3297 3812
3328 3813
3344 3814
3366 3815
3368 3816
3369 3817
3372 3818
3378 3819
3379 3820
3383 3821
3393 3822
3405 3823
3406 3824
3409 3825
3410 3826
3418 3827
3432 3828
3441 3829
3443 3830
3448 3831
3455 3832
3459 3833
3463 3834
3466 3835
3467 3836
3469 3837
3470 3838
3471 3839
3479 3840
3492 3841
3499 3842
3502 3843
3514 3844
3516 3845
3519 3846
3523 3847
3525 3848
3526 3849
3532 3850
3538 3851
3539 3852
3541 3853
3542 3854
3551 3855
3566 3856
3571 3857
3575 3858
3585 3859
3586 3860
3605 3861
3607 3862
3611 3863
3619 3864
3629 3865
3632 3866
3636 3867
3660 3868
3661 3869
3662 3870
3663 3871
3669 3872
3678 3873
3687 3874
3689 3875
3695 3876
3701 3877
3717 3878
3740 3879
3741 3880
3743 3881
3745 3882
3747 3883
3756 3884
3762 3885
3763 3886
3764 3887
3783 3888
3786 3889
3789 3890
3790 3891
3801 3892
3803 3893
3807 3894
3808 3895
3809 3896
3810 3897
3811 3898
3815 3899
3816 3900
3818 3901
3823 3902
3824 3903
3827 3904
3829 3905
3831 3906
3833 3907
3844 3908
3853 3909
3854 3910
3857 3911
3859 3912
3861 3913
3866 3914
3868 3915
3871 3916
3875 3917
3880 3918
3890 3919
3900 3920
3904 3921
3909 3922
3926 3923
3939 3924
3941 3925
3943 3926
3945 3927
3951 3928
3953 3929
3958 3930
3964 3931
3965 3932
3968 3933
3969 3934
3980 3935
3982 3936
3985 3937
3987 3938
3988 3939
3998 3940
4000 3941
4005 3942
4007 3943
4010 3944
4015 3945
4019 3946
4023 3947
4024 3948
4027 3949
4031 3950
4032 3951
4038 3952
4052 3953
4064 3954
4068 3955
4071 3956
4072 3957
4074 3958
4079 3959
4082 3960
4085 3961
4086 3962
4088 3963
4099 3964
4102 3965
4105 3966
4111 3967
4120 3968
4121 3969
4124 3970
4126 3971
4135 3972
4136 3973
4141 3974
4155 3975
4157 3976
4171 3977
4173 3978
4174 3979
4178 3980
4179 3981
4182 3982
4185 3983
4193 3984
4195 3985
4199 3986
4201 3987
4203 3988
4204 3989
4205 3990
4217 3991
4224 3992
4225 3993
4236 3994
4244 3995
4247 3996
4251 3997
4252 3998
4253 3999
4254 4000
4256 4001
4264 4002
4265 4003
4270 4004
4275 4005
4278 4006
4282 4007
4288 4008
4291 4009
4292 4010
4299 4011
4301 4012
4302 4013
4303 4014
4307 4015
4310 4016
4312 4017
4315 4018
4316 4019
4317 4020
4318 4021
4328 4022
4329 4023
4331 4024
4341 4025
4348 4026
4352 4027
4353 4028
4361 4029
4365 4030
4366 4031
4368 4032
4370 4033
4372 4034
4373 4035
4374 4036
4376 4037
4377 4038
4382 4039
4405 4040
4410 4041
4423 4042
4432 4043
4434 4044
4445 4045
4449 4046
4450 4047
4451 4048
4456 4049
4460 4050
4470 4051
4475 4052
4478 4053
4481 4054
4486 4055
4487 4056
4488 4057
4493 4058
4496 4059
4502 4060
4503 4061
4517 4062
4524 4063
4525 4064
4532 4065
4535 4066
4543 4067
4546 4068
4549 4069
4553 4070
4555 4071
4556 4072
4563 4073
4566 4074
4568 4075
4575 4076
4581 4077
4585 4078
4586 4079
4589 4080
4592 4081
4593 4082
4602 4083
4609 4084
4611 4085
4616 4086
4620 4087
4623 4088
4626 4089
4627 4090
4630 4091
4637 4092
4646 4093
4647 4094
4652 4095
4661 4096
4667 4097
4672 4098
4673 4099
4675 4100
4687 4101
4690 4102
4695 4103
4696 4104
4698 4105
4704 4106
4718 4107
4723 4108
4724 4109
4725 4110
4730 4111
4735 4112
4779 4113
4787 4114
4797 4115
4804 4116
4812 4117
4813 4118
4814 4119
4818 4120
4821 4121
4823 4122
4825 4123
4829 4124
4832 4125
4836 4126
4842 4127
4844 4128
4845 4129
4847 4130
4856 4131
4862 4132
4866 4133
4871 4134
4879 4135
4885 4136
4886 4137
4888 4138
4889 4139
4894 4140
4896 4141
4903 4142
4910 4143
4921 4144
4923 4145
4924 4146
4925 4147
4933 4148
4942 4149
4948 4150
4950 4151
4956 4152
4962 4153
4963 4154
4965 4155
4970 4156
4972 4157
4975 4158
4976 4159
4982 4160
4990 4161
4993 4162
4996 4163
4997 4164
5006 4165
5008 4166
5011 4167
5015 4168
5018 4169
5019 4170
5023 4171
5024 4172
5026 4173
5030 4174
5040 4175
5042 4176
5044 4177
5047 4178
5048 4179
5049 4180
5053 4181
5057 4182
5060 4183
5061 4184
5066 4185
5070 4186
5072 4187
5073 4188
5074 4189
5092 4190
5096 4191
5098 4192
5099 4193
5100 4194
5101 4195
5104 4196
5105 4197
5106 4198
5109 4199
5111 4200
5112 4201
5123 4202
5124 4203
5125 4204
5135 4205
5141 4206
5159 4207
5164 4208
5176 4209
5177 4210
5179 4211
5181 4212
5184 4213
5189 4214
5191 4215
5193 4216
5195 4217
5197 4218
5199 4219
5203 4220
5215 4221
5216 4222
5218 4223
5222 4224
5223 4225
5225 4226
5227 4227
5231 4228
5232 4229
5249 4230
5278 4231
5281 4232
5282 4233
5285 4234
5286 4235
5291 4236
5293 4237
5295 4238
5296 4239
5297 4240
5299 4241
5300 4242
5302 4243
5303 4244
5307 4245
5309 4246
5313 4247
5318 4248
5322 4249
5335 4250
5336 4251
5339 4252
5340 4253
5344 4254
5345 4255
5348 4256
5350 4257
5351 4258
5352 4259
5353 4260
5371 4261
5384 4262
5388 4263
5399 4264
5401 4265
5404 4266
5409 4267
5410 4268
5414 4269
5415 4270
5416 4271
5425 4272
5429 4273
5444 4274
5448 4275
5453 4276
5458 4277
5459 4278
5463 4279
5464 4280
5467 4281
5469 4282
5470 4283
5476 4284
5478 4285
5480 4286
5487 4287
5488 4288
5491 4289
5492 4290
5495 4291
5498 4292
5499 4293
5505 4294
5506 4295
5507 4296
5508 4297
5512 4298
5516 4299
5526 4300
5533 4301
5534 4302
5541 4303
5546 4304
5547 4305
5555 4306
5559 4307
5562 4308
5617 4309
5618 4310
5621 4311
5633 4312
5634 4313
5635 4314
5636 4315
5637 4316
5638 4317
5639 4318
5641 4319
5644 4320
5645 4321
5647 4322
5648 4323
5650 4324
5651 4325
5652 4326
5653 4327
5654 4328
5656 4329
5657 4330
5658 4331
5660 4332
5662 4333
5663 4334
5665 4335
5666 4336
5667 4337
5668 4338
5670 4339
5671 4340
5672 4341
5673 4342
5675 4343
5676 4344
5677 4345
5678 4346
5679 4347
5680 4348
5681 4349
5682 4350
5683 4351
5684 4352
5685 4353
5686 4354
5688 4355
5690 4356
5691 4357
5692 4358
5693 4359
5694 4360
5695 4361
5696 4362
5697 4363
5698 4364
5699 4365
5700 4366
5701 4367
5703 4368
5704 4369
5705 4370
5706 4371
5707 4372
5709 4373
5710 4374
5711 4375
5712 4376
5713 4377
5714 4378
5715 4379
5716 4380
5717 4381
5718 4382
5719 4383
5720 4384
5721 4385
5722 4386
5731 4387
5733 4388
5734 4389
5735 4390
5736 4391
5737 4392
5738 4393
5739 4394
5740 4395
5741 4396
5742 4397
5743 4398
5744 4399
5745 4400
5746 4401
5747 4402
5748 4403
5749 4404
5750 4405
5751 4406
5752 4407
5753 4408
5754 4409
5755 4410
5756 4411
5757 4412
5759 4413
5760 4414
5761 4415
5762 4416
5763 4417
5764 4418
5765 4419
5766 4420
5767 4421
5769 4422
5770 4423
5771 4424
5772 4425
5773 4426
5775 4427
5777 4428
5778 4429
5779 4430
5780 4431
5782 4432
5784 4433
5785 4434
5786 4435
5787 4436
5788 4437
5789 4438
5790 4439
5975 4440
3670 4441
1722 4442
5524 4443
4123 4444
5466 4445
4133 4446
4140 4447
6193 4448
4148 4449
2101 4450
6206 4451
6207 4452
4170 4453
4183 4454
2158 4455
2159 4456
2162 4457
6274 4458
4228 4459
4245 4460
4274 4461
6323 4462
6324 4463
6325 4464
6326 4465
6327 4466
6329 4467
6330 4468
6331 4469
6332 4470
6333 4471
4300 4472
3112 4473
4480 4474
4375 4475
5509 4476
4385 4477
2338 4478
4392 4479
4411 4480
4149 4481
4417 4482
2382 4483
4853 4484
3476 4485
2433 4486
2437 4487
2441 4488
2455 4489
4523 4490
4850 4491
4534 4492
4560 4493
2526 4494
5881 4495
4601 4496
5887 4497
4610 4498
4867 4499
4628 4500
4644 4501
2598 4502
2611 4503
2619 4504
2643 4505
4882 4506
4547 4507
4890 4508
4789 4509
2749 4510
2750 4511
4807 4512
4810 4513
2774 4514
4826 4515
4834 4516
749 4517
2802 4518
4851 4519
4861 4520
4863 4521
2824 4522
2831 4523
4887 4524
2842 4525
2849 4526
2864 4527
4929 4528
2893 4529
4952 4530
2925 4531
4974 4532
2939 4533
4992 4534
5000 4535
3225 4536
2970 4537
5028 4538
5046 4539
3010 4540
3011 4541
3012 4542
5063 4543
5068 4544
5091 4545
3048 4546
3059 4547
5289 4548
5128 4549
5130 4550
5144 4551
5165 4552
5178 4553
5182 4554
5187 4555
5901 4556
5198 4557
6328 4558
3158 4559
5220 4560
5230 4561
5261 4562
5284 4563
5287 4564
3273 4565
5305 4566
5314 4567
2252 4568
3304 4569
3305 4570
5363 4571
5369 4572
5387 4573
5393 4574
1300 4575
3353 4576
3354 4577
5411 4578
5431 4579
5432 4580
5449 4581
5450 4582
5455 4583
3414 4584
5473 4585
5479 4586
1412 4587
5510 4588
5358 4589
5530 4590
3487 4591
3500 4592
5563 4593
3522 4594
5622 4595
5626 4596
3587 4597
3693 4598
959 4599
1675 4600
962 4601
3766 4602
5815 4603
5819 4604
5820 4605
5822 4606
5831 4607
5832 4608
5833 4609
5834 4610
3793 4611
5842 4612
3795 4613
5845 4614
5851 4615
5855 4616
5861 4617
5862 4618
5868 4619
5869 4620
5872 4621
5874 4622
3839 4623
5889 4624
5892 4625
5907 4626
5912 4627
3869 4628
3870 4629
5955 4630
3910 4631
1866 4632
1867 4633
3916 4634
3923 4635
5974 4636
3955 4637
6021 4638
6023 4639
3983 4640
4008 4641
4430 4642
1974 4643
2029 4644
4090 4645
4308 4646
4345 4647
3658 4648
4462 4649
1440 4650
1441 4651
965 4652
626 4653
627 4654
5012 4655
4351 4656
1510 4657
1452 4658
4686 4659
4386 4660
2178 4661
4715 4662
3230 4663
2636 4664
1939 4665
2359 4666
3791 4667
2656 4668
1512 4669
3397 4670
2224 4671
663 4672
4402 4673
4131 4674
1402 4675
1478 4676
1831 4677
1832 4678
6283 4679
4612 4680
3606 4681
2188 4682
5515 4683
2537 4684
3647 4685
2492 4686
2700 4687
701 4688
699 4689
3043 4690
4632 4691
710 4692
4431 4693
1977 4694
4577 4695
2765 4696
1505 4697
5126 4698
6093 4699
4557 4700
6094 4701
5127 4702
6048 4703
6052 4704
6084 4705
6085 4706
6088 4707
6089 4708
6090 4709
6091 4710
6092 4711
3022 4712
6095 4713
6096 4714
6097 4715
6099 4716
6100 4717
6101 4718
6102 4719
6103 4720
6105 4721
6106 4722
6107 4723
6108 4724
6109 4725
6110 4726
6111 4727
6112 4728
6113 4729
6114 4730
6115 4731
6116 4732
6117 4733
6118 4734
3072 4735
2062 4736
1577 4737
2711 4738
2766 4739
4230 4740
6119 4741
4584 4742
6054 4743
4034 4744
1442 4745
6121 4746
6122 4747
6123 4748
6120 4749
4618 4750
2333 4751
1990 4752
737 4753
6320 4754
5076 4755
6284 4756
2760 4757
2144 4758
1159 4759
3737 4760
2753 4761
3320 4762
3357 4763
1943 4764
956 4765
2645 4766
2796 4767
2481 4768
4151 4769
2917 4770
815 4771
817 4772
818 4773
4837 4774
2042 4775
3591 4776
2510 4777
1886 4778
4160 4779
4790 4780
2179 4781
4233 4782
4276 4783
2229 4784
4321 4785
5161 4786
4358 4787
5826 4788
3765 4789
2499 4790
2501 4791
6269 4792
6270 4793
2814 4794
4918 4795
2533 4796
3507 4797
2197 4798
5041 4799
3021 4800
5089 4801
5134 4802
1112 4803
2579 4804
4309 4805
3300 4806
2600 4807
1271 4808
3324 4809
3325 4810
5392 4811
6027 4812
3431 4813
1386 4814
4327 4815
3488 4816
3501 4817
4891 4818
3554 4819
1508 4820
3207 4821
3573 4822
3614 4823
3333 4824
1606 4825
5625 4826
3690 4827
4389 4828
3727 4829
3462 4830
4176 4831
5867 4832
3881 4833
3906 4834
3921 4835
3930 4836
1883 4837
5451 4838
3067 4839
4073 4840
3855 4841
1519 4842
1876 4843
3352 4844
4657 4845
4054 4846
2575 4847
1117 4848
3166 4849
2870 4850
1507 4851
2563 4852
3724 4853
2175 4854
4324 4855
2468 4856
4858 4857
5146 4858
5200 4859
1106 4860
3276 4861
3286 4862
3731 4863
3892 4864
4002 4865
6066 4866
1615 4867
4485 4868
3637 4869
2812 4870
1797 4871
2215 4872
4504 4873
3994 4874
4249 4875
3449 4876
3622 4877
3496 4878
4551 4879
1854 4880
3633 4881
2124 4882
4562 4883
994 4884
2431 4885
5551 4886
2553 4887
3384 4888
1911 4889
6198 4890
4107 4891
2529 4892
1851 4893
4579 4894
2120 4895
4198 4896
3584 4897
3989 4898
857 4899
4599 4900
860 4901
2171 4902
1312 4903
5977 4904
4323 4905
1520 4906
883 4907
2385 4908
5978 4909
2368 4910
4968 4911
2534 4912
6538 4913
6356 4914
6357 4915
6358 4916
6359 4917
6360 4918
6361 4919
6362 4920
6363 4921
6364 4922
6365 4923
6366 4924
6367 4925
6368 4926
6369 4927
6370 4928
6371 4929
6373 4930
6374 4931
6375 4932
6376 4933
6377 4934
6378 4935
6379 4936
6380 4937
6381 4938
6383 4939
6385 4940
6386 4941
6387 4942
6388 4943
6389 4944
6390 4945
6391 4946
6395 4947
6396 4948
6397 4949
6398 4950
6400 4951
6401 4952
6402 4953
6403 4954
6404 4955
6406 4956
6407 4957
6408 4958
6410 4959
6411 4960
6412 4961
6414 4962
6415 4963
6416 4964
6418 4965
6420 4966
6421 4967
6422 4968
6423 4969
6425 4970
6426 4971
6427 4972
6428 4973
6429 4974
6430 4975
6431 4976
6432 4977
6433 4978
6434 4979
6436 4980
6437 4981
6438 4982
6439 4983
6440 4984
6441 4985
6442 4986
6449 4987
6450 4988
6451 4989
6453 4990
6455 4991
6456 4992
6457 4993
6458 4994
6459 4995
6460 4996
6461 4997
6462 4998
6463 4999
6464 5000
6465 5001
6466 5002
6467 5003
6468 5004
6469 5005
6470 5006
6471 5007
6472 5008
6473 5009
6474 5010
6475 5011
6476 5012
6477 5013
6478 5014
6479 5015
6480 5016
6481 5017
6482 5018
6483 5019
6485 5020
6486 5021
6487 5022
6488 5023
6489 5024
6490 5025
6491 5026
6492 5027
6493 5028
6494 5029
6495 5030
6496 5031
6497 5032
6498 5033
6499 5034
6500 5035
6501 5036
6502 5037
6503 5038
6504 5039
6505 5040
6506 5041
6507 5042
6509 5043
6510 5044
6511 5045
6512 5046
6513 5047
6514 5048
6515 5049
6516 5050
6517 5051
6518 5052
6519 5053
6520 5054
6521 5055
6522 5056
6523 5057
6525 5058
6526 5059
6528 5060
6529 5061
6532 5062
6533 5063
6534 5064
6535 5065
6536 5066
6537 5067
6539 5068
6540 5069
6541 5070
6542 5071
6543 5072
6544 5073
3646 5074
1942 5075
4468 5076
1255 5077
6043 5078
4325 5079
3347 5080
2739 5081
3319 5082
3849 5083
4578 5084
2903 5085
5462 5086
2070 5087
6195 5088
6197 5089
4284 5090
4137 5091
6194 5092
2402 5093
4458 5094
4477 5095
2442 5096
4494 5097
4505 5098
5437 5099
2503 5100
2602 5101
2624 5102
4700 5103
2657 5104
4732 5105
4777 5106
2743 5107
2825 5108
4897 5109
4934 5110
4951 5111
4983 5112
5003 5113
2968 5114
2995 5115
3020 5116
4943 5117
3040 5118
5830 5119
1031 5120
4613 5121
3163 5122
4289 5123
5259 5124
5354 5125
5381 5126
5385 5127
3453 5128
5504 5129
4333 5130
1464 5131
3531 5132
5036 5133
3610 5134
3698 5135
3699 5136
4285 5137
5836 5138
5167 5139
5856 5140
5903 5141
3899 5142
4408 5143
3944 5144
5095 5145
4413 5146
3959 5147
1953 5148
4030 5149
4063 5150
4776 5151
6317 5152
2004 5153
4175 5154
4181 5155
2189 5156
5829 5157
4985 5158
4958 5159
976 5160
4634 5161
2186 5162
3665 5163
2180 5164
5268 5165
2071 5166
1664 5167
2334 5168
2343 5169
2902 5170
2003 5171
4069 5172
4859 5173
2381 5174
2413 5175
1032 5176
1036 5177
1037 5178
1038 5179
4913 5180
3671 5181
6314 5182
3555 5183
2919 5184
2662 5185
1401 5186
4262 5187
2033 5188
3187 5189
4490 5190
4519 5191
4642 5192
3623 5193
1132 5194
4418 5195
2249 5196
3626 5197
2777 5198
1967 5199
4994 5200
2304 5201
1869 5202
3828 5203
3341 5204
2360 5205
4548 5206
3382 5207
3835 5208
2935 5209
4492 5210
4708 5211
4226 5212
4981 5213
5331 5214
3491 5215
3024 5216
4819 5217
5817 5218
4371 5219
1872 5220
4207 5221
5973 5222
3006 5223
5876 5224
3970 5225
2493 5226
1206 5227
2692 5228
1743 5229
6016 5230
2576 5231
3883 5232
3884 5233
3885 5234
3886 5235
3887 5236
3889 5237
6035 5238
6036 5239
6033 5240
6034 5241
6037 5242
5557 5243
1662 5244
2816 5245
2235 5246
1853 5247
2388 5248
3503 5249
5954 5250
6222 5251
4571 5252
4070 5253
1844 5254
1302 5255
1753 5256
4633 5257
1796 5258
4713 5259
2647 5260
2732 5261
2541 5262
2720 5263
5051 5264
1363 5265
3259 5266
4001 5267
2977 5268
3417 5269
1409 5270
1757 5271
6056 5272
2597 5273
4484 5274
4096 5275
6299 5276
4294 5277
5496 5278
4529 5279
2570 5280
4736 5281
4868 5282
2846 5283
5002 5284
2963 5285
5025 5286
5085 5287
5370 5288
5502 5289
3483 5290
3562 5291
3590 5292
1616 5293
2663 5294
3726 5295
2681 5296
3896 5297
1887 5298
3962 5299
4039 5300
4094 5301
4313 5302
3574 5303
2548 5304
3209 5305
3200 5306
3056 5307
3234 5308
1468 5309
2981 5310
4907 5311
1489 5312
4161 5313
3197 5314
3421 5315
4617 5316
4020 5317
2035 5318
3960 5319
5383 5320
3081 5321
3049 5322
4662 5323
3919 5324
1836 5325
4104 5326
4004 5327
2061 5328
4440 5329
4139 5330
4912 5331
4166 5332
4167 5333
5474 5334
4109 5335
4793 5336
5477 5337
5391 5338
4213 5339
4215 5340
4359 5341
4219 5342
2181 5343
4258 5344
5442 5345
4780 5346
4319 5347
4326 5348
3452 5349
4337 5350
4339 5351
4379 5352
2096 5353
5397 5354
4404 5355
5475 5356
5417 5357
4855 5358
4846 5359
2465 5360
5472 5361
2498 5362
4815 5363
4172 5364
2531 5365
2532 5366
2538 5367
4108 5368
4598 5369
4606 5370
2567 5371
2581 5372
4186 5373
4640 5374
4648 5375
2608 5376
4665 5377
2642 5378
5219 5379
4726 5380
2690 5381
4114 5382
5419 5383
4775 5384
4778 5385
4808 5386
4827 5387
2800 5388
4849 5389
4083 5390
4876 5391
3913 5392
5301 5393
4893 5394
4898 5395
2868 5396
2885 5397
2888 5398
4920 5399
2873 5400
4734 5401
4964 5402
4969 5403
4986 5404
2943 5405
2944 5406
2955 5407
2965 5408
5029 5409
4255 5410
5071 5411
5083 5412
5087 5413
3044 5414
5132 5415
5145 5416
4954 5417
5183 5418
5196 5419
3162 5420
5308 5421
5357 5422
5260 5423
5320 5424
4542 5425
5338 5426
3997 5427
5355 5428
5382 5429
5389 5430
5390 5431
5395 5432
5398 5433
5400 5434
5402 5435
5405 5436
5408 5437
5413 5438
5418 5439
5420 5440
5421 5441
5422 5442
5430 5443
5434 5444
4987 5445
4346 5446
3395 5447
5446 5448
5447 5449
5454 5450
5456 5451
5457 5452
5468 5453
5471 5454
3424 5455
4128 5456
3511 5457
5027 5458
3521 5459
5438 5460
4003 5461
3568 5462
5452 5463
5439 5464
4357 5465
5386 5466
5441 5467
4989 5468
5394 5469
5396 5470
5356 5471
2330 5472
5423 5473
5406 5474
4041 5475
5407 5476
3019 5477
5412 5478
5424 5479
5435 5480
5436 5481
4564 5482
3952 5483
3967 5484
5440 5485
5443 5486
5102 5487
3992 5488
4011 5489
4018 5490
4021 5491
4091 5492
5428 5493
4080 5494
4187 5495
1777 5496
1859 5497
2335 5498
4113 5499
4101 5500
4164 5501
5630 5502
4197 5503
5821 5504
6294 5505
5188 5506
6348 5507
5841 5508
4335 5509
4390 5510
4239 5511
4854 5512
4574 5513
2665 5514
4714 5515
2694 5516
4784 5517
5129 5518
4899 5519
4957 5520
4959 5521
2946 5522
3016 5523
3018 5524
5246 5525
6347 5526
5328 5527
3331 5528
5490 5529
5494 5530
3668 5531
3798 5532
4048 5533
3826 5534
5898 5535
5175 5536
3917 5537
5993 5538
4062 5539
5798 5540
4089 5541
1973 5542
3581 5543
1585 5544
1586 5545
6204 5546
3326 5547
4100 5548
3583 5549
1748 5550
2191 5551
4697 5552
4514 5553
3388 5554
3307 5555
1975 5556
3057 5557
5277 5558
3565 5559
2930 5560
3680 5561
3444 5562
4772 5563
1738 5564
6049 5565
2679 5566
3642 5567
4945 5568
2156 5569
6223 5570
6224 5571
2716 5572
1758 5573
4241 5574
1970 5575
2017 5576
2049 5577
2429 5578
2556 5579
2577 5580
2585 5581
2616 5582
2627 5583
2666 5584
2668 5585
2672 5586
2673 5587
2713 5588
2723 5589
2744 5590
2792 5591
2844 5592
2857 5593
2880 5594
2913 5595
2941 5596
2952 5597
2954 5598
2972 5599
3003 5600
3045 5601
3080 5602
3101 5603
3249 5604
3256 5605
3258 5606
3399 5607
3404 5608
3446 5609
3450 5610
3475 5611
3481 5612
3484 5613
3498 5614
3530 5615
3533 5616
3569 5617
3613 5618
3650 5619
3655 5620
3656 5621
3708 5622
3709 5623
3746 5624
3799 5625
3800 5626
3802 5627
3842 5628
3879 5629
3895 5630
3897 5631
3898 5632
3914 5633
3922 5634
3927 5635
3942 5636
3946 5637
3949 5638
3956 5639
3986 5640
3996 5641
4006 5642
4029 5643
4081 5644
4134 5645
4142 5646
4143 5647
4150 5648
4214 5649
4218 5650
4240 5651
4263 5652
4269 5653
4273 5654
4283 5655
4355 5656
4369 5657
4388 5658
4398 5659
4567 5660
4569 5661
4582 5662
4614 5663
4636 5664
4659 5665
4692 5666
4693 5667
4727 5668
4729 5669
4739 5670
4743 5671
4773 5672
4782 5673
4800 5674
4803 5675
4817 5676
4830 5677
4831 5678
4848 5679
4852 5680
4864 5681
4873 5682
4877 5683
4884 5684
4900 5685
4919 5686
4955 5687
4971 5688
4973 5689
4980 5690
4984 5691
4999 5692
5013 5693
5034 5694
5035 5695
5052 5696
5055 5697
5062 5698
5078 5699
5079 5700
5118 5701
5137 5702
5142 5703
5156 5704
5157 5705
5158 5706
5160 5707
5185 5708
5217 5709
5226 5710
5290 5711
5294 5712
5304 5713
5311 5714
5312 5715
5323 5716
5337 5717
5343 5718
5361 5719
5366 5720
5368 5721
5484 5722
5485 5723
5486 5724
5493 5725
5497 5726
5500 5727
5501 5728
5631 5729
5724 5730
5802 5731
5806 5732
5839 5733
5844 5734
5846 5735
5866 5736
5875 5737
5891 5738
5900 5739
5902 5740
5906 5741
5956 5742
5986 5743
5995 5744
5996 5745
5997 5746
5998 5747
5999 5748
6000 5749
6001 5750
6002 5751
6003 5752
6004 5753
6020 5754
6025 5755
6069 5756
6070 5757
6071 5758
6072 5759
6073 5760
6150 5761
6215 5762
6297 5763
3063 5764
1812 5765
1815 5766
6032 5767
5953 5768
2887 5769
4347 5770
3911 5771
6312 5772
2306 5773
1913 5774
2561 5775
5945 5776
6531 5777
6220 5778
6424 5779
6355 5780
6372 5781
6382 5782
6384 5783
6392 5784
6393 5785
6394 5786
6399 5787
6405 5788
6409 5789
6413 5790
6417 5791
6419 5792
6435 5793
3878 5794
6443 5795
6444 5796
6445 5797
6446 5798
6447 5799
6448 5800
6454 5801
6452 5802
6484 5803
6508 5804
6524 5805
6527 5806
6530 5807
4531 5808
5946 5809
5947 5810
5948 5811
2019 5812
2037 5813
5058 5814
3269 5815
5981 5816
3940 5817
5827 5818
5153 5819
5569 5820
5570 5821
5571 5822
5572 5823
3560 5824
4635 5825
3252 5826
4259 5827
2184 5828
2610 5829
5009 5830
3270 5831
2395 5832
6211 5833
4935 5834
2578 5835
2607 5836
2625 5837
2632 5838
2736 5839
2748 5840
2781 5841
2785 5842
3912 5843
4344 5844
3437 5845
5791 5846
2845 5847
3396 5848
3864 5849
2926 5850
4926 5851
2960 5852
3052 5853
3055 5854
5828 5855
5536 5856
4336 5857
4822 5858
5234 5859
3394 5860
3271 5861
3272 5862
6344 5863
5237 5864
5059 5865
3546 5866
6261 5867
3485 5868
3495 5869
3509 5870
3513 5871
3549 5872
3529 5873
6192 5874
6196 5875
4961 5876
5330 5877
5364 5878
5871 5879
5882 5880
4017 5881
4078 5882
6079 5883
3752 5884
3834 5885
4650 5886
4530 5887
4916 5888
4050 5889
6264 5890
5360 5891
4395 5892
5139 5893
5823 5894
4266 5895
5816 5896
6022 5897
5039 5898
5852 5899
5893 5900
6024 5901
6026 5902
4297 5903
4322 5904
4518 5905
5362 5906
6137 5907
6135 5908
6136 5909
6138 5910
5632 5911
5933 5912
5944 5913
5940 5914
5934 5915
5942 5916
5935 5917
6188 5918
5943 5919
5936 5920
5937 5921
5938 5922
5939 5923
5941 5924
4403 5925
2476 5926
2674 5927
4009 5928
4998 5929
4881 5930
5326 5931
4016 5932
5513 5933
5329 5934
3085 5935
4138 5936
226 5937
2517 5938
5150 5939
6038 5940
4058 5941
4928 5942
5037 5943
4740 5944
6160 5945
6161 5946
6162 5947
6164 5948
6165 5949
6166 5950
6163 5951
5929 5952
5619 5953
3433 5954
5928 5955
5863 5956
5186 5957
2689 5958
2850 5959
2564 5960
3494 5961
3706 5962
3972 5963
2759 5964
3971 5965
5265 5966
5849 5967
6231 5968
2832 5969
4065 5970
4901 5971
4363 5972
4223 5973
5865 5974
5805 5975
4229 5976
3456 5977
4991 5978
5327 5979
5342 5980
5969 5981
5968 5982
5221 5983
3876 5984
5799 5985
4383 5986
4153 5987
5810 5988
4154 5989
5138 5990
5050 5991
4940 5992
5989 5993
2815 5994
6313 5995
5988 5996
5970 5997
5797 5998
4060 5999
5172 6000
5379 6001
5245 6002
2790 6003
4400 6004
6203 6005
4221 6006
5847 6007
4406 6008
2430 6009
4728 6010
4805 6011
4895 6012
4909 6013
2872 6014
5069 6015
5170 6016
5306 6017
5005 6018
5017 6019
3490 6020
5809 6021
5813 6022
5859 6023
5880 6024
5894 6025
3867 6026
3947 6027
3957 6028
5864 6029
6017 6030
2869 6031
3966 6032
5931 6033
5930 6034
4936 6035
5143 6036
2709 6037
6239 6038
6240 6039
6241 6040
6242 6041
6243 6042
6244 6043
6245 6044
6246 6045
6247 6046
6248 6047
4902 6048
2782 6049
5843 6050
5957 6051
5924 6052
4304 6053
6336 6054
6321 6055
4816 6056
3935 6057
4731 6058
5280 6059
5279 6060
4206 6061
3561 6062
4960 6063
5620 6064
4056 6065
4733 6066
5090 6067
5224 6068
5283 6069
6080 6070
3837 6071
4340 6072
4795 6073
5992 6074
5927 6075
6126 6076
6127 6077
5923 6078
5113 6079
5228 6080
3416 6081
3819 6082
5905 6083
4911 6084
6018 6085
6019 6086
6277 6087
5173 6088
6278 6089
5895 6090
5514 6091
5107 6092
3748 6093
4362 6094
2771 6095
5319 6096
6289 6097
6039 6098
5729 6099
6058 6100
6060 6101
6059 6102
5190 6103
5565 6104
4915 6105
5262 6106
5560 6107
4741 6108
6258 6109
5984 6110
5985 6111
6307 6112
3564 6113
6255 6114
6254 6115
5994 6116
2762 6117
2764 6118
4168 6119
6338 6120
5556 6121
5263 6122
5860 6123
5825 6124
5877 6125
5971 6126
5972 6127
5264 6128
2698 6129
5963 6130
2726 6131
5110 6132
4350 6133
6295 6134
5811 6135
5824 6136
5884 6137
6293 6138
2758 6139
6342 6140
2882 6141
5022 6142
5960 6143
5959 6144
6276 6145
6285 6146
5950 6147
5857 6148
5796 6149
5292 6150
5564 6151
6015 6152
6013 6153
6014 6154
5808 6155
6205 6156
5883 6157
5077 6158
5528 6159
3497 6160
5194 6161
5804 6162
6132 6163
5961 6164
6279 6165
5967 6166
5097 6167
5966 6168
5965 6169
5033 6170
5850 6171
6144 6172
6145 6173
6146 6174
6147 6175
6148 6176
6143 6177
4156 6178
6030 6179
5567 6180
5858 6181
6009 6182
4908 6183
6046 6184
6304 6185
5990 6186
6075 6187
6076 6188
6128 6189
2933 6190
5535 6191
2971 6192
5520 6193
6044 6194
6169 6195
3893 6196
5131 6197
5148 6198
6260 6199
5169 6200
6558 6201
6556 6202
5553 6203
5580 6204
3035 6205
6172 6206
4146 6207
5983 6208
6235 6209
4792 6210
3873 6211
5982 6212
4811 6213
5242 6214
5171 6215
5372 6216
6201 6217
6200 6218
6345 6219
2989 6220
5899 6221
4843 6222
5925 6223
5117 6224
5334 6225
5086 6226
5116 6227
6216 6228
6217 6229
5581 6230
5582 6231
6564 6232
6565 6233
6566 6234
6567 6235
6568 6236
6570 6237
6238 6238
6569 6239
6300 6240
5120 6241
4904 6242
4905 6243
3069 6244
3788 6245
5376 6246
6208 6247
5375 6248
5373 6249
5374 6250
6271 6251
6265 6252
5726 6253
5043 6254
5271 6255
5272 6256
5269 6257
5270 6258
5276 6259
5275 6260
5273 6261
5274 6262
5241 6263
6339 6264
5378 6265
5807 6266
4995 6267
4865 6268
6322 6269
4349 6270
3993 6271
4930 6272
4931 6273
4906 6274
5315 6275
6334 6276
5152 6277
6343 6278
5209 6279
5210 6280
6350 6281
6349 6282
5332 6283
6253 6284
6259 6285
5962 6286
5545 6287
2920 6288
5240 6289
5238 6290
5114 6291
6028 6292
5725 6293
6559 6294
5481 6295
6553 6296
6171 6297
3836 6298
3838 6299
5108 6300
6305 6301
6237 6302
6554 6303
6547 6304
5349 6305
3578 6306
5235 6307
5243 6308
2817 6309
6131 6310
5151 6311
6031 6312
6230 6313
6219 6314
6218 6315
3852 6316
5624 6317
5623 6318
6083 6319
5539 6320
5540 6321
5542 6322
6082 6323
6140 6324
6141 6325
5538 6326
5543 6327
5115 6328
5239 6329
5521 6330
6191 6331
4927 6332
6029 6333
5088 6334
5952 6335
6545 6336
5951 6337
6210 6338
6209 6339
5211 6340
5212 6341
5518 6342
5519 6343
5550 6344
6074 6345
6081 6346
6124 6347
6168 6348
6167 6349
6315 6350
6316 6351
5583 6352
5584 6353
5585 6354
5586 6355
5587 6356
5589 6357
5590 6358
5591 6359
5592 6360
5593 6361
5594 6362
5595 6363
5596 6364
5597 6365
5598 6366
5588 6367
5549 6368
5548 6369
5333 6370
5544 6371
6227 6372
6228 6373
6225 6374
6229 6375
6226 6376
5958 6377
6010 6378
6011 6379
6012 6380
4892 6381
5911 6382
6057 6383
5204 6384
5206 6385
5207 6386
5205 6387
6557 6388
5727 6389
5599 6390
5600 6391
5601 6392
5602 6393
5603 6394
5604 6395
5605 6396
5606 6397
5607 6398
5608 6399
5609 6400
5610 6401
5611 6402
5612 6403
5613 6404
5614 6405
5615 6406
5616 6407
6151 6408
6152 6409
6337 6410
6249 6411
6250 6412
6251 6413
5532 6414
6045 6415
6306 6416
6170 6417
5558 6418
4872 6419
5119 6420
6341 6421
5523 6422
6555 6423
5629 6424
5909 6425
5910 6426
6346 6427
6256 6428
6280 6429
6281 6430
6282 6431
6212 6432
6213 6433
6214 6434
2923 6435
6236 6436
5522 6437
5103 6438
6352 6439
6353 6440
6354 6441
6351 6442
2669 6443
5031 6444
4839 6445
4840 6446
5202 6447
5233 6448
5267 6449
6552 6450
2978 6451
3000 6452
5367 6453
5578 6454
6252 6455
5579 6456
5324 6457
5325 6458
5531 6459
4320 6460
5208 6461
6319 6462
5627 6463
5247 6464
6546 6465
5121 6466
6548 6467
5795 6468
6040 6469
6041 6470
6042 6471
5201 6472
5236 6473
6262 6474
6257 6475
5084 6476
4384 6477
6176 6478
6177 6479
6178 6480
6179 6481
6180 6482
6181 6483
6182 6484
6183 6485
6184 6486
6185 6487
6186 6488
6187 6489
6173 6490
6174 6491
6175 6492
6302 6493
6303 6494
5529 6495
3079 6496
5527 6497
5879 6498
5987 6499
5250 6500
5251 6501
5252 6502
5254 6503
5255 6504
5256 6505
5257 6506
4941 6507
6560 6508
5065 6509
5214 6510
6129 6511
5213 6512
6309 6513
6310 6514
5229 6515
5288 6516
5566 6517
5848 6518
6561 6519
4391 6520
6272 6521
6275 6522
6273 6523
5885 6524
5067 6525
5244 6526
6266 6527
5896 6528
5723 6529
6562 6530
6563 6531
5991 6532
5133 6533
6232 6534
6233 6535
6234 6536
6133 6537
6301 6538
6202 6539
5147 6540
6340 6541
6134 6542
6549 6543
6550 6544
6551 6545
6288 6546
6296 6547
5812 6548
5854 6549
5853 6550
5897 6551
5838 6552
5886 6553
5870 6554
5837 6555
6130 6556
5890 6557
6286 6558
6287 6559
5949 6560
5561 6561
5801 6562
5377 6563
5904 6564
6291 6565
6290 6566
6292 6567
5976 6568
6308 6569
